1 0.49140625 0.7921875 0.128125 0.2328125
1 0.4921875 0.18671875 0.12890625 0.228125
1 0.659375 0.4796875 0.13828125 0.23671875
2 0.3265625 0.48359375 0.125 0.2296875
2 0.81328125 0.7828125 0.1234375 0.25
2 0.82421875 0.159375 0.08984375 0.1640625
2 0.65390625 0.78828125 0.128125 0.23671875
2 0.81796875 0.48046875 0.134375 0.2359375
2 0.64453125 0.18359375 0.11015625 0.23671875
2 0.48671875 0.4828125 0.11953125 0.23125
2 0.16484375 0.79296875 0.1171875 0.23125
2 0.3265625 0.7859375 0.12421875 0.24140625
2 0.16484375 0.47734375 0.10859375 0.24296875