1 0.4171875 0.165625 0.07109375 0.22109375
1 0.09921875 0.16796875 0.07265625 0.21796875
1 0.8953125 0.78203125 0.08671875 0.2015625
1 0.740625 0.4875 0.0890625 0.203125
2 0.41640625 0.78984375 0.1265625 0.1921875
2 0.2671875 0.78203125 0.078125 0.2046875
2 0.740625 0.17421875 0.10625 0.20078125
2 0.2671875 0.47890625 0.109375 0.21015625
2 0.2671875 0.1765625 0.1484375 0.18828125
2 0.57265625 0.1796875 0.12265625 0.18359375
2 0.41796875 0.48125 0.08359375 0.20234375
2 0.740625 0.7890625 0.11171875 0.196875
2 0.09921875 0.7765625 0.06171875 0.21875
2 0.5734375 0.46328125 0.10078125 0.23984375
2 0.57265625 0.775 0.08828125 0.221875
2 0.1 0.47578125 0.128125 0.2109375
2 0.8953125 0.4921875 0.1359375 0.2109375
2 0.8953125 0.16875 0.07421875 0.2078125