2 0.496875 0.15859375 0.12734375 0.23203125
2 0.09609375 0.16796875 0.12734375 0.2375
2 0.09765625 0.50625 0.13046875 0.21953125
2 0.29765625 0.496875 0.12734375 0.22578125
2 0.29765625 0.8234375 0.12734375 0.25625
2 0.4984375 0.496875 0.13046875 0.2015625
2 0.4984375 0.82890625 0.1171875 0.1953125
2 0.89375 0.82890625 0.1203125 0.1953125
2 0.696875 0.5125 0.1234375 0.20703125
2 0.09765625 0.8265625 0.13046875 0.2015625
2 0.89765625 0.16171875 0.1203125 0.2375
2 0.89765625 0.5 0.1078125 0.17109375
2 0.696875 0.16484375 0.13046875 0.21953125
2 0.6984375 0.85078125 0.1203125 0.1890625
2 0.29296875 0.16484375 0.1109375 0.23203125