2 0.9046875 0.37265625 0.13671875 0.13125
2 0.29921875 0.8734375 0.13125 0.14765625
2 0.4984375 0.1234375 0.1328125 0.159375
2 0.7 0.1234375 0.13984375 0.15703125
2 0.4984375 0.3734375 0.13203125 0.175
2 0.29921875 0.3734375 0.13515625 0.184375
2 0.09921875 0.87421875 0.14765625 0.1625
2 0.89921875 0.87421875 0.13984375 0.15703125
2 0.09921875 0.62421875 0.10703125 0.19140625
2 0.90390625 0.12265625 0.13125 0.1734375
2 0.7 0.6234375 0.10390625 0.190625
2 0.09921875 0.3734375 0.10703125 0.178125
2 0.69921875 0.875 0.1453125 0.14765625
2 0.3 0.6234375 0.13046875 0.1625
2 0.4984375 0.625 0.1234375 0.153125
2 0.90390625 0.62421875 0.1203125 0.16796875
2 0.7 0.37421875 0.15703125 0.1453125
2 0.49921875 0.871875 0.11640625 0.1625