2 0.58125 0.159375 0.1578125 0.21796875
2 0.25078125 0.15859375 0.15703125 0.2171875
2 0.746875 0.159375 0.1578125 0.215625
2 0.25078125 0.6125 0.15859375 0.21796875
2 0.08515625 0.38515625 0.1578125 0.21796875
2 0.91171875 0.83828125 0.15859375 0.21796875
2 0.91328125 0.159375 0.1578125 0.215625
2 0.41640625 0.3859375 0.1578125 0.2171875
2 0.25078125 0.8390625 0.15703125 0.2171875
2 0.746875 0.61328125 0.1578125 0.2171875
2 0.9125 0.38515625 0.15703125 0.21796875
2 0.41640625 0.159375 0.15546875 0.21796875
2 0.08515625 0.15859375 0.1578125 0.2171875
2 0.41640625 0.6125 0.15703125 0.215625
2 0.08515625 0.83828125 0.1578125 0.21796875
2 0.9125 0.6125 0.15703125 0.215625
2 0.08515625 0.978125 0.1578125 0.0421875
2 0.58203125 0.38515625 0.1578125 0.21796875
2 0.746875 0.3859375 0.15703125 0.2171875
2 0.08515625 0.61171875 0.159375 0.2171875
2 0.91328125 0.0203125 0.1578125 0.040625
2 0.25078125 0.38515625 0.15859375 0.21796875
2 0.25078125 0.0203125 0.1578125 0.040625
2 0.746875 0.83828125 0.1578125 0.215625
2 0.91328125 0.978125 0.1578125 0.0421875
2 0.41640625 0.8390625 0.1578125 0.2171875
2 0.746875 0.97734375 0.1578125 0.04375
2 0.41640625 0.0203125 0.1546875 0.040625
2 0.58203125 0.0203125 0.1578125 0.040625
2 0.58203125 0.83828125 0.15859375 0.21796875
2 0.25078125 0.978125 0.15703125 0.0421875
2 0.41640625 0.978125 0.15859375 0.0421875
2 0.74609375 0.0203125 0.1578125 0.040625
2 0.58203125 0.61171875 0.15859375 0.2171875