1 0.48828125 0.79140625 0.17109375 0.23046875
1 0.7125 0.47890625 0.184375 0.23828125
1 0.07421875 0.1875 0.1484375 0.22734375
2 0.9171875 0.7828125 0.1625 0.24921875
2 0.26875 0.48359375 0.16640625 0.22890625
2 0.70546875 0.7875 0.17109375 0.23828125
2 0.69375 0.1828125 0.14609375 0.2359375
2 0.93203125 0.159375 0.1203125 0.1640625
2 0.4890625 0.18671875 0.17109375 0.22890625
2 0.9171875 0.48125 0.1640625 0.234375
2 0.4828125 0.48359375 0.15859375 0.2296875
2 0.06640625 0.7921875 0.13203125 0.22890625
2 0.06328125 0.47734375 0.1265625 0.2421875
2 0.26875 0.78671875 0.165625 0.2421875
2 0.26171875 0.18984375 0.1515625 0.22265625